start=103.260026
audio-delay=-0.100000
border=no
