start=4461.834000
speed=1.610510
pause=yes
