start=4497.189435
speed=1.331000
border=no
