start=5061.890000
speed=1.100000
pause=yes
volume=98.000000
border=no
aid=1
sid=1
sub-scale=0.900000
